Alex Robot Joints:

(0, b'Pelvis_fixed_joint', 4, -1, -1, 0, 0.0, 0.0, 0.0, -1.0, 0.0, 0.0, b'Pelvis', (0.0, 0.0, 0.0), (0.0, 0.0, 0.0), (0.0, 0.0, 0.0, 1.0), -1)
(1, b'LeftShoulderPitch', 0, 7, 6, 1, 0.05, 0.0, -3.141592, 1.22173, 150.0, 9.0, b'LeftShoulderPitchLink', (0.0, 1.0, 0.0), (-0.0314, 0.1, 0.59), (-0.3420202839047467, 0.0, 0.0, 0.9396925696192966), 0)
(2, b'LeftShoulderRoll', 0, 8, 7, 1, 0.05, 0.0, -0.349066, 2.79253, 150.0, 9.0, b'LeftShoulderRollLink', (1.0, 0.0, 0.0), (0.00117, 0.016750300000000024, -0.006789999999999999), (0.3420202839047467, 0.0, 0.0, 0.9396925696192966), 1)
(3, b'LeftShoulderYaw', 0, 9, 8, 1, 0.05, 0.0, -1.91986, 1.22173, 80.0, 11.5, b'LeftShoulderYawLink', (0.0, 0.0, 1.0), (-0.01251711, 0.016169100000000002, 0.03849849), (0.0, 0.0, 0.0, 1.0), 2)
(4, b'LeftElbowPitch', 0, 10, 9, 1, 0.05, 0.0, -2.35619, 0.174532925, 80.0, 11.5, b'LeftElbowPitchLink', (0.0, 1.0, 0.0), (0.01021, -0.00062, 0.04971410000000004), (0.0, 0.0, 0.0, 1.0), 3)
(5, b'LeftWristYaw', 0, 11, 10, 1, 0.05, 0.0, -2.61799, 2.61799, 20.0, 25.0, b'LeftWristYawLink', (0.0, 0.0, 1.0), (-0.0029605436170763774, 0.003781574950319319, 0.04998167188554722), (0.0, 0.0, 0.0, 1.0), 4)
(6, b'LeftWristRoll', 0, 12, 11, 1, 0.05, 0.0, -1.8326, 0.610865, 20.0, 25.0, b'LeftWristRollLink', (1.0, 0.0, 0.0), (0.0024383302867828187, -0.012475320418377903, -0.11990857868495561), (0.0, 0.0, 0.0, 1.0), 5)
(7, b'LeftGripperYaw', 0, 13, 12, 1, 0.05, 0.0, -2.61799, 2.61799, 20.0, 25.0, b'LeftGripperYawLink', (0.0, 0.0, 1.0), (-0.00015946763939368963, 0.0005645206043126544, -0.03265537110700142), (0.0, 0.0, 0.0, 1.0), 6)
(8, b'LeftGrippertAttachmentFixedJoint', 4, -1, -1, 0, 0.0, 0.0, 0.0, -1.0, 0.0, 0.0, b'LeftSakePalmLink', (0.0, 0.0, 0.0), (0.00014709, 0.00037325, -0.03133255), (0.0, 0.0, 0.0, 1.0), 7)
(9, b'LeftSakeBaseFingerJoint1', 4, -1, -1, 0, 0.05, 0.0, -0.06, 1.9, 1.0, 3.67, b'LeftSakeBaseFingerLink1', (0.0, 0.0, 0.0), (-0.01, 0.0299, -0.015399999999999997), (0.1246747333852277, 0.0, 0.0, 0.992197667229329), 8)
(10, b'LeftSakeKnuckle1', 4, -1, -1, 0, 0.05, 0.0, -1.0, 0.0, 1.0, 3.67, b'LeftSakeFingerTip1', (0.0, 0.0, 0.0), (0.0, 0.0, -0.052), (0.0, 0.0, 0.0, 1.0), 9)
(11, b'LeftSakeBaseFingerJoint2', 4, -1, -1, 0, 0.05, 0.0, -0.06, 1.9, 1.0, 3.67, b'LeftSakeBaseFingerLink2', (0.0, 0.0, 0.0), (-0.01, -0.0299, -0.015399999999999997), (-0.1246747333852277, 0.0, 0.0, 0.992197667229329), 8)
(12, b'LeftSakeKnuckle2', 4, -1, -1, 0, 0.05, 0.0, -1.0, 0.0, 1.0, 3.67, b'LeftSakeFingerTip2', (0.0, 0.0, 0.0), (0.0, 0.0, -0.052), (0.0, 0.0, 0.0, 1.0), 11)
(13, b'RightShoulderPitch', 0, 14, 13, 1, 0.05, 0.0, -3.141592, 1.22173, 1000.0, 100.0, b'RightShoulderPitchLink', (0.0, 1.0, 0.0), (-0.0314, -0.1, 0.59), (0.3420202839047467, 0.0, 0.0, 0.9396925696192966), 0)
(14, b'RightShoulderRoll', 0, 15, 14, 1, 0.05, 0.0, -2.79253, 0.349066, 1000.0, 100.0, b'RightShoulderRollLink', (1.0, 0.0, 0.0), (0.00117, -0.016750300000000024, -0.006789999999999999), (-0.3420202839047467, 0.0, 0.0, 0.9396925696192966), 13)
(15, b'RightShoulderYaw', 0, 16, 15, 1, 0.05, 0.0, -1.22173, 1.91986, 1000.0, 100.0, b'RightShoulderYawLink', (0.0, 0.0, 1.0), (-0.01251711, -0.016169100000000002, 0.03849849), (0.0, 0.0, 0.0, 1.0), 14)
(16, b'RightElbowPitch', 0, 17, 16, 1, 0.05, 0.0, -2.35619, 0.174532925, 1000.0, 100.0, b'RightElbowPitchLink', (0.0, 1.0, 0.0), (0.01021, -0.00062, 0.04971410000000004), (0.0, 0.0, 0.0, 1.0), 15)
(17, b'RightWristYaw', 0, 18, 17, 1, 0.05, 0.0, -2.61799, 2.61799, 20.0, 25.0, b'RightWristYawLink', (0.0, 0.0, 1.0), (-0.0029605436170763774, -0.003781574950319319, 0.04998167188554722), (0.0, 0.0, 0.0, 1.0), 16)
(18, b'RightWristRoll', 0, 19, 18, 1, 0.05, 0.0, -0.610865, 1.8326, 20.0, 25.0, b'RightWristRollLink', (1.0, 0.0, 0.0), (0.0024383302867828187, 0.012475320418377903, -0.11990857868495561), (0.0, 0.0, 0.0, 1.0), 17)
(19, b'RightGripperYaw', 0, 20, 19, 1, 0.05, 0.0, -2.61799, 2.61799, 20.0, 25.0, b'RightGripperYawLink', (0.0, 0.0, 1.0), (-0.00015946763939368963, -0.0005645206043126544, -0.03265537110700142), (0.0, 0.0, 0.0, 1.0), 18)
(20, b'RightGrippertAttachmentFixedJoint', 4, -1, -1, 0, 0.0, 0.0, 0.0, -1.0, 0.0, 0.0, b'RightSakePalmLink', (0.0, 0.0, 0.0), (0.00014709, -0.00037325, -0.03133255), (0.0, 0.0, 0.0, 1.0), 19)
(21, b'RightSakeBaseFingerJoint1', 4, -1, -1, 0, 0.05, 0.0, -0.06, 1.9, 1.0, 3.67, b'RightSakeBaseFingerLink1', (0.0, 0.0, 0.0), (-0.01, 0.0299, -0.015399999999999997), (2.5392902368411472e-05, 0.12467473079930079, 0.9921976466497731, 0.0002020840775834794), 20)
(22, b'RightSakeKnuckle1', 4, -1, -1, 0, 0.05, 0.0, -1.0, 0.0, 1.0, 3.67, b'RightSakeFingerTip1', (0.0, 0.0, 0.0), (0.0, 0.0, -0.052), (0.0, 0.0, 0.9999999792586128, -0.00020367320369517783), 21)
(23, b'RightSakeBaseFingerJoint2', 4, -1, -1, 0, 0.05, 0.0, -0.06, 1.9, 1.0, 3.67, b'RightSakeBaseFingerLink2', (0.0, 0.0, 0.0), (-0.01, -0.0299, -0.015399999999999997), (-0.1246747333852277, 0.0, 0.0, 0.992197667229329), 20)
(24, b'RightSakeKnuckle2', 4, -1, -1, 0, 0.05, 0.0, -1.0, 0.0, 1.0, 3.67, b'RightSakeFingerTip2', (0.0, 0.0, 0.0), (0.0, 0.0, -0.052), (0.0, 0.0, 0.0, 1.0), 23)